10
1
45
221 7999
116 2002
92 3646
89 606
54 2891
137 7712
117 2900
231 3283
143 7861
36 2118
105 7690
37 3285
236 7496
214 2293
136 2283
177 8017
56 6132
102 5552
238 7204
209 1272
28 352
24 4800
120 2993
253 5419
204 1653
121 252
27 6464
230 6887
126 7397
157 299
197 5473
58 1592
196 1921
165 167
220 1916
125 328
138 5069
48 2340
241 7773
32 7919
41 6663
225 1802
216 4941
101 2551
187 3922
1
203
250 362
95 774
158 6795
62 5477
109 345
179 4233
175 1642
72 220
194 2285
30 2165
211 7374
198 5300
83 2672
242 6053
205 1964
208 1634
254 1990
192 4769
97 4420
80 1197
150 7094
212 1015
118 4720
115 2007
18 30
75 2217
88 1205
183 6242
201 462
44 907
6 1102
110 3305
124 7735
224 2545
235 6724
156 385
19 7754
255 6182
63 6913
2 5537
78 2500
193 7359
168 7851
207 4708
107 1579
247 3873
228 7724
146 6523
90 6622
142 4967
229 2078
66 1283
61 2494
38 5597
130 6923
59 7958
69 8187
53 4741
71 2564
129 2096
114 5122
147 296
29 2497
132 6875
26 718
184 971
159 5379
160 1868
188 2263
16 6865
170 2470
203 2398
232 1940
99 926
7 3483
85 8152
226 2583
233 8136
176 3092
139 134
128 2422
154 336
148 5215
57 6935
35 3466
60 7202
223 7616
42 2294
25 2969
191 3842
172 4460
215 1640
135 3277
227 5019
180 7342
100 6665
252 1827
93 7584
68 4534
21 3694
43 1602
131 5824
77 7195
87 7349
186 7174
65 1112
82 4470
251 4253
73 294
167 7220
218 4803
5 5233
222 3765
133 7674
50 2146
67 168
9 6678
22 8096
151 6434
245 2406
169 1547
111 8005
64 549
33 472
163 4199
174 5472
152 1126
4 303
173 3833
103 480
190 3283
104 1617
79 7235
13 3852
217 7341
164 6720
84 7377
10 8152
112 3073
195 7082
153 3204
213 6352
119 3377
166 2176
123 461
122 4105
14 7264
12 4498
49 6173
189 2970
219 2537
55 5327
155 6150
98 3417
144 3953
106 3528
52 6968
47 5183
145 7871
23 7262
17 42
46 4789
34 2372
248 5807
234 2213
140 6929
86 5000
96 5927
243 2841
15 6792
240 3856
8 3165
113 3762
237 5002
239 1732
108 3037
206 7651
134 3007
162 5563
244 3349
91 5355
210 3322
94 6713
202 7449
182 8068
161 5730
185 7540
1 459
171 6340
3 582
70 7605
51 2956
39 8055
20 5072
199 7810
141 3127
45 1259
81 6562
127 6048
178 1435
181 418
200 7323
76 2440
3
33
3
155
4
4
4
4
2
145
4
