256
2
116
4
2
184
4
2
105
2
45
3
4
1
1
12 2559
4
1
115
124 7523
168 7104
125 7785
30 6251
73 2978
229 2462
83 1065
179 1429
92 15
105 39
87 7445
74 7123
217 6754
149 5447
13 4750
249 4673
243 931
90 2333
110 1646
53 1096
77 7731
119 5401
240 4852
199 6567
113 7124
84 5393
56 4132
31 3329
134 1251
88 1617
61 7385
18 1146
98 881
231 1815
25 4238
184 5898
96 5914
106 8177
195 7579
93 196
223 6689
192 5449
128 1959
205 7774
32 6157
226 7582
52 1986
57 8132
104 3784
181 6130
159 838
103 7474
167 2273
252 570
129 6241
233 2021
248 3449
126 7191
242 6896
58 7155
153 1821
154 1648
227 1917
122 7191
237 4159
36 7376
137 5079
107 6149
239 6119
162 3605
254 1496
14 2324
183 6393
121 1778
156 187
158 6644
224 6896
198 4036
64 7396
212 5720
62 6099
196 4860
194 2811
213 1584
185 1335
97 6456
34 6565
189 5096
23 3714
89 7715
86 2987
3 4270
48 3328
15 6519
120 6530
66 5539
109 3060
43 2153
178 1512
144 7332
234 2722
146 3415
147 4218
216 5753
207 1506
163 1350
203 5547
28 6861
209 1119
131 5626
170 7929
225 1273
191 3865
169 4588
201 274
1
19
244 5178
6 2430
49 7358
132 5347
114 6370
108 3154
136 8092
253 2022
210 1020
44 5896
78 4525
99 6850
177 7309
200 4694
127 7383
139 3644
186 2934
50 1182
130 624
3
196
1
11
46 1699
161 2360
157 564
219 7650
59 1616
112 5219
165 7568
42 5519
40 1735
19 4266
94 1935
4
1
3
67 4454
238 2755
55 3518
4
2
252
1
23
151 6847
60 6753
102 7510
101 6941
143 2981
47 5786
245 5946
174 6878
85 404
141 812
214 219
218 461
221 4898
241 6431
135 2917
27 7465
206 6420
172 3580
65 4819
215 3663
1 2772
236 2450
117 6494
3
90
1
42
63 284
140 5127
68 1144
81 7534
152 5552
190 6686
173 5880
10 1058
100 7605
76 4025
145 4830
75 3362
155 6396
71 5733
91 6260
171 2582
138 4882
235 8055
20 7457
222 4436
118 6904
33 6001
4 6225
228 1762
250 2406
160 1967
116 6550
123 6613
176 6407
29 4618
11 7851
95 5134
255 4459
208 5010
251 4499
7 4609
166 2318
247 3842
41 6920
16 31
26 3581
150 1295
1
42
230 7450
45 4626
115 1732
38 1713
220 1664
37 2809
72 910
70 5276
188 4298
22 2104
79 6747
54 2159
148 3046
196 7850
133 3138
202 7954
82 1013
175 6798
9 2273
35 7662
204 3443
111 6471
69 4631
24 3312
8 1847
187 6143
21 7654
197 7388
90 7895
80 7879
5 4097
164 7353
182 7356
39 6745
246 65
142 2983
51 5371
193 3569
211 3667
232 3527
180 3560
17 886
3
156
4
4
4
4
2
118
3
17
4
4
1
2
2 5766
17 402
2
222
4
1
1
156 2308
3
51
4
4
3
222
1
1
51 7386
1
1
222 2818
4
3
44
4
4
2
242
4
2
14
3
36
1
1
44 2646
3
86
2
167
2
58
3
164
2
216
3
43
3
255
2
121
4
4
2
28
4
3
116
3
197
4
4
2
95
3
6
3
232
4
4
3
125
1
9
197 6844
6 4812
232 6294
125 6712
255 7110
86 2278
43 6167
164 5097
116 3932
3
234
2
238
2
1
2
107
1
2
234 4546
36 3560
3
212
4
4
3
43
1
1
43 6361
4
3
54
2
184
4
3
71
2
27
2
198
2
105
2
153
1
1
54 1193
3
226
3
135
4
4
1
1
226 4899
2
91
1
2
135 1708
212 5138
2
47
4
1
1
71 5359
2
158
2
178
2
30
2
57
3
7
1
1
7 5865
3
179
3
45
1
1
179 4858
4
1
1
45 2381
4
4
4
4
2
164
4
3
62
4
3
55
3
236
1
2
62 5660
236 4949
1
1
55 5744
3
24
4
3
226
3
220
2
211
4
1
1
24 7300
3
53
2
227
1
2
226 2503
220 5253
3
149
1
1
53 7601
2
41
3
196
4
1
2
196 5532
149 5715
3
82
4
2
124
1
1
82 8186
3
138
4
2
62
2
254
3
40
1
1
40 5528
3
49
2
180
1
2
49 2392
138 581
2
144
3
171
4
2
44
1
1
171 7777
4
3
138
1
1
138 2479
2
249
3
239
2
200
3
151
3
176
1
1
239 4237
4
3
75
3
28
4
1
3
151 2336
28 4908
75 2431
2
100
3
111
4
4
2
255
2
131
2
90
3
86
4
2
108
3
55
1
4
55 2792
176 5374
86 4009
111 2415
3
137
3
155
3
23
2
201
1
1
137 3459
1
1
155 4473
2
180
2
102
2
252
4
4
3
167
1
2
23 3698
167 8042
2
237
3
72
3
70
1
1
70 1427
3
57
4
4
3
138
2
47
1
1
57 2794
1
1
138 1962
2
159
1
1
72 2866
3
193
4
2
5
4
4
3
39
4
2
249
4
3
221
3
146
3
228
4
1
4
193 4490
221 529
146 6335
228 5434
3
172
4
3
236
2
127
4
2
101
2
206
3
124
1
4
124 6969
172 4113
39 5914
236 3240
4
3
242
3
143
3
212
1
2
242 4561
143 1391
4
2
19
4
4
1
1
212 6679
4
2
70
4
4
3
43
3
36
3
105
1
2
105 5563
36 1626
4
4
2
50
4
