512
4
2
101
1
31
197 2424
224 2235
39 588
98 4077
43 565
35 2746
82 1492
86 2050
47 1450
89 2922
170 3535
131 1079
45 514
7 1734
241 827
87 3081
255 3569
119 4063
132 3108
222 3971
33 761
55 3166
144 3857
233 3762
103 2423
136 1630
13 850
185 2027
190 3913
125 2341
248 21
4
4
1
142
193 1962
56 246
226 2644
61 528
88 3024
16 1206
122 3789
142 724
163 3737
246 3857
62 3827
17 3390
168 607
38 2776
141 3027
80 1101
135 3584
51 3894
37 88
42 1033
101 2971
116 3223
138 75
230 3437
26 343
145 852
83 358
127 726
4 204
63 1418
218 272
18 3489
140 2374
9 2532
152 3115
81 728
94 2976
223 3061
121 73
30 3777
99 2815
84 2914
95 751
192 1052
130 2446
107 1133
188 3600
191 695
219 3047
71 1759
120 1714
150 3736
244 2671
155 3677
245 1913
15 1721
240 2671
68 642
108 2141
112 225
176 3922
165 541
196 501
231 2384
24 2626
212 2043
162 926
157 2083
225 490
21 2451
110 3916
32 19
204 2520
25 1520
250 1479
36 2191
147 3131
182 1081
254 2900
179 521
220 1746
189 3864
123 617
249 3774
96 1966
243 3095
69 1519
111 3764
202 81
102 2522
175 2425
128 2740
118 2565
134 2598
57 3559
23 1445
65 2283
52 3815
198 946
177 3284
169 794
93 3161
166 1083
109 1695
22 3501
158 2474
97 2176
221 3740
181 3621
90 287
183 1959
91 3489
173 3879
149 3741
252 3556
151 4049
164 2293
28 2073
238 3419
27 670
237 251
210 1293
213 3313
199 447
171 3150
200 2405
115 3251
14 2480
124 2407
40 407
10 1148
194 3911
167 35
186 1557
70 3557
20 3043
92 1869
12 331
139 3885
126 1393
214 1865
137 1966
3
150
3
255
2
165
3
52
4
3
122
2
7
2
128
3
82
1
32
180 1365
208 174
150 1051
203 1938
247 695
50 1749
234 2250
174 3418
85 1090
113 1041
239 2908
52 3280
82 22
3 3608
251 2742
187 1266
48 780
205 1286
211 3872
206 205
6 516
34 1228
160 1798
66 513
75 2898
154 1060
253 3459
146 2030
217 3288
73 2331
159 3919
255 2984
4
3
52
4
4
1
42
31 3657
232 1274
78 1190
122 4059
201 3093
8 3835
72 3247
11 2132
184 284
235 3417
143 3857
77 2250
172 2117
58 1844
156 1312
59 2184
129 3801
215 3396
74 3159
236 1571
49 3819
79 3941
54 3848
19 2068
100 3564
67 2713
148 1423
229 2055
29 1322
2 1512
41 781
114 3422
207 637
52 1763
64 1069
105 179
46 2351
133 2090
44 1050
104 196
5 2412
242 1681
1
7
227 552
216 1740
106 2748
178 2420
76 2069
117 3216
53 805
2
40
1
6
161 3224
228 80
209 3053
1 203
195 1081
153 1934
4
4
1
1
60 3353
2
226
2
250
3
175
4
3
33
4
1
1
33 3582
4
4
4
2
33
3
122
1
1
122 1925
4
3
117
2
131
1
2
175 2569
117 32
3
136
2
238
4
3
210
1
2
136 1692
210 3738
2
157
3
196
3
199
4
4
4
4
3
56
3
97
3
183
4
3
39
4
2
180
3
182
1
3
97 1940
56 2249
182 3222
2
1
4
1
4
199 3027
39 2118
183 444
196 109
3
156
2
194
2
173
2
207
4
4
3
229
4
4
2
235
4
3
64
3
57
4
3
171
2
145
2
23
3
204
1
3
57 850
229 1463
156 1168
1
3
204 1348
171 3695
64 194
4
4
3
153
3
38
1
1
38 99
3
98
4
3
160
1
3
160 3920
98 3199
153 2860
2
123
4
3
213
2
94
3
127
4
1
1
127 1823
4
1
1
213 1019
2
69
4
3
251
2
50
4
3
201
3
213
1
1
201 1039
1
2
251 3827
213 198
3
190
1
1
190 1138
4
2
251
2
39
3
56
3
186
3
237
2
198
1
2
186 2250
237 2430
1
1
56 156
4
4
4
4
3
253
3
58
2
148
1
2
58 2751
253 1375
3
114
4
2
39
4
3
99
1
2
114 431
99 3965
4
3
67
3
116
2
55
2
54
4
1
1
67 2500
3
205
4
2
187
4
4
2
109
2
202
4
4
3
189
2
243
2
159
4
2
74
2
83
1
3
205 1906
116 3827
189 3550
3
123
3
109
4
3
238
3
88
1
2
238 1050
123 1633
2
117
1
1
109 1580
3
58
2
54
1
1
58 906
3
202
4
3
67
1
2
202 3973
88 1766
1
1
67 329
2
72
2
105
4
2
34
2
76
2
110
2
42
2
55
2
98
3
211
3
179
4
1
1
211 773
3
163
4
1
2
163 3635
179 753
4
3
213
1
1
213 1295
3
226
4
4
2
28
3
179
2
83
1
2
179 2467
226 1722
2
106
2
5
2
236
4
2
245
4
4
3
123
1
1
123 1747
4
2
241
2
238
4
4
3
3
1
1
3 2445
4
3
172
1
1
172 1623
2
151
2
15
2
236
3
47
3
70
1
2
47 1663
70 2199
4
2
254
4
3
37
4
3
222
1
2
222 336
37 2092
4
4
4
4
3
213
2
248
2
53
2
164
2
195
3
163
2
13
1
2
163 1555
213 1113
3
187
2
231
2
236
1
1
187 45
3
43
3
7
2
137
3
30
4
1
3
43 2772
7 2722
30 1893
4
3
75
4
2
36
3
221
1
2
75 2267
221 2307
4
2
175
4
3
153
4
3
71
4
2
122
1
2
153 998
71 2315
3
176
1
1
176 729
4
2
240
4
4
3
129
3
131
3
30
3
1
3
199
3
20
4
4
1
4
20 1350
129 3559
30 1551
199 3491
4
4
3
13
1
2
1 1054
131 39
4
3
16
4
4
4
1
1
13 3744
4
4
1
1
16 2218
2
168
4
4
4
3
67
3
167
1
1
67 2273
2
254
1
1
167 3731
2
59
3
3
2
70
1
1
3 1789
4
4
4
3
83
1
1
83 2820
4
2
97
3
100
1
1
100 3582
4
2
128
3
105
2
13
4
2
67
4
3
60
4
1
2
60 876
105 2131
4
2
7
4
2
84
3
159
4
2
48
3
220
1
2
159 1138
220 3589
4
2
105
3
227
1
1
227 2820
3
211
3
121
4
4
3
97
4
3
172
2
95
1
2
172 1692
121 2746
2
22
1
1
97 956
2
71
1
1
211 3852
2
182
4
3
127
3
47
1
2
47 2045
127 3859
3
105
2
56
2
4
1
1
105 2848
4
2
26
4
3
166
3
133
4
4
3
45
3
30
3
155
4
2
142
4
1
4
166 1358
133 2676
155 3365
45 2058
3
247
1
2
247 720
30 2521
3
29
3
90
2
194
3
212
2
83
4
4
1
3
29 1440
90 1845
212 2299
2
2
3
75
3
100
1
2
100 208
75 3894
3
28
2
139
2
108
4
1
1
28 1818
4
3
242
2
35
4
1
1
242 103
2
67
2
15
3
77
2
48
1
1
77 1796
3
253
2
26
2
102
4
3
191
1
2
191 1721
253 1685
3
115
4
2
221
3
216
1
1
115 997
4
4
3
232
3
1
1
2
232 2565
216 3108
3
135
3
52
4
3
97
3
84
3
195
4
2
16
3
192
1
6
52 2825
84 3398
97 2531
135 3863
195 59
1 1441
4
4
3
18
1
2
192 2774
18 3992
2
145
4
2
255
4
3
102
4
1
1
102 2177
2
164
4
2
194
3
16
2
85
2
159
3
11
1
1
16 2603
1
1
11 423
3
111
2
16
1
1
111 3024
2
197
4
2
46
4
3
56
1
1
56 1438
4
3
223
2
11
4
3
73
3
174
4
1
2
174 4094
73 428
2
252
4
4
2
155
3
36
3
151
2
40
3
142
3
247
4
1
5
247 2010
142 3716
151 2006
223 3349
36 1446
2
227
4
3
92
4
4
4
4
3
33
1
1
92 543
4
2
14
1
1
33 811
2
25
4
4
2
96
2
231
2
72
2
94
4
2
14
3
140
2
13
1
1
140 668
2
16
4
