512
2
128
2
207
1
102
127 2714
123 2475
198 2627
5 3807
136 287
94 3374
185 1187
19 1868
3 3603
48 956
174 252
194 2967
36 3116
231 1667
30 3077
14 2817
244 1307
142 123
207 2646
229 2644
34 33
203 1267
43 958
22 2793
23 2354
139 1584
188 1166
82 3300
149 3799
28 2956
144 1344
135 1255
153 2449
232 627
187 2979
100 1551
75 423
218 223
113 1742
239 2086
103 1458
38 2938
118 1812
52 1922
120 36
89 1414
62 496
69 2140
74 2258
65 2281
167 1048
226 37
105 2214
54 992
121 28
137 3018
85 762
158 3802
234 2156
77 2641
165 3685
220 87
210 788
9 2718
215 1777
157 3724
16 3010
1 3317
59 3458
183 2467
106 1915
184 3811
56 971
228 256
217 735
98 3739
58 1005
208 1858
252 1681
156 2700
177 3173
21 3665
209 269
86 2993
152 138
49 2822
247 199
162 556
230 3424
116 2266
224 2457
57 3791
78 3858
6 3619
192 2927
83 2983
214 3328
115 953
199 3327
42 2059
110 3615
140 1454
1
137
126 2905
79 2183
12 2630
205 2567
249 599
15 3937
251 580
253 1161
169 1179
93 1875
114 2069
191 2817
128 3573
154 3129
55 3897
159 737
130 2061
26 3897
39 2565
87 2517
243 2158
204 3474
254 2386
189 3216
211 2678
178 3844
32 2566
225 2048
10 528
163 3690
193 1200
81 1401
176 721
40 3703
180 2913
37 1623
107 580
51 628
80 553
145 3371
141 745
200 3006
236 1341
179 3555
172 228
125 506
70 1922
2 2410
64 715
18 462
213 3743
133 141
242 3531
155 1313
95 1709
150 206
206 2768
237 2816
190 2790
245 3317
171 1066
186 998
241 2186
222 1039
47 3927
108 1382
29 4048
119 1859
219 744
202 1946
101 599
25 3938
13 1928
96 2488
88 999
27 1229
63 1949
195 4049
68 3261
132 277
134 607
104 3143
84 1385
76 1031
148 2477
99 41
124 2237
45 3468
138 2096
221 1791
129 3482
7 3845
147 978
24 2957
227 350
17 3350
240 2689
146 732
91 2767
197 1588
212 897
181 143
143 2695
109 1748
97 46
72 330
248 2147
66 1249
90 2612
73 98
92 967
170 3731
223 948
161 952
175 2902
67 2423
35 3439
61 1030
151 2276
164 2803
53 1933
173 2079
168 381
8 2494
246 763
238 2344
182 1037
235 1677
50 3691
31 2061
201 1423
71 1423
46 1968
117 1674
4 3538
33 3953
111 2546
3
243
1
11
44 645
160 68
122 3388
112 2061
20 455
255 632
250 2819
196 218
233 3703
102 1793
243 3520
1
2
216 2360
41 3734
2
64
2
152
2
86
2
228
1
2
11 1854
166 1899
1
1
131 3848
1
1
60 72
3
191
3
84
2
165
2
231
3
117
3
7
1
2
191 2631
84 1677
1
2
7 1383
117 3195
2
43
2
76
2
151
2
218
3
252
1
1
252 1431
2
31
2
39
2
27
2
1
3
7
2
16
1
1
7 3209
2
89
3
205
2
225
3
144
3
186
1
3
186 3469
144 1100
205 1634
2
169
2
20
2
138
2
194
3
148
1
1
148 2210
3
184
1
1
184 454
2
53
2
68
3
59
2
230
2
252
1
1
59 228
3
58
1
1
58 388
2
13
3
241
3
55
3
243
2
176
1
2
241 1309
243 3539
2
59
2
167
2
243
3
154
2
183
3
112
3
242
2
250
3
141
3
88
3
84
1
2
154 3654
112 1699
3
197
3
150
3
20
1
2
150 773
197 501
3
205
2
107
3
172
1
6
172 1059
88 3617
242 2633
20 2276
141 1710
84 925
1
1
55 224
3
119
1
1
119 3695
3
206
3
144
2
107
2
99
1
2
205 1631
144 1987
3
58
1
2
58 3265
206 3757
3
178
1
1
178 635
2
153
2
197
3
237
2
198
3
146
1
1
146 719
3
253
1
2
253 3778
237 1691
3
175
1
1
175 3143
3
89
2
105
2
64
1
1
89 3795
2
45
2
174
3
255
1
1
255 1818
3
33
3
72
1
1
72 2733
3
240
1
2
33 398
240 3922
2
104
2
142
2
139
2
161
3
222
1
1
222 616
2
225
2
88
2
227
2
217
2
225
3
133
2
44
2
135
2
150
2
145
2
12
2
164
3
198
3
253
2
70
1
1
198 3458
2
171
1
2
133 1055
253 3200
3
197
1
1
197 49
2
36
2
155
3
147
1
1
147 2956
2
166
3
216
2
39
1
1
216 3525
3
144
1
1
144 3633
3
156
3
237
1
2
156 3088
237 1889
3
60
3
130
2
210
1
2
60 3200
130 474
3
197
1
1
197 25
3
139
3
72
1
2
139 1740
72 483
2
137
2
254
2
137
3
247
2
241
1
1
247 2946
2
177
2
152
3
190
2
64
3
72
1
2
190 3429
72 288
3
173
3
209
1
2
173 3038
209 2736
2
135
3
36
1
1
36 449
2
139
3
42
2
71
1
1
42 1508
3
176
3
221
3
145
2
161
1
2
145 905
221 2152
2
7
3
158
1
1
176 3406
2
73
1
1
158 692
3
118
3
211
1
1
211 281
1
1
118 3782
2
173
3
72
3
213
2
203
3
240
2
101
1
2
213 3880
240 3926
1
1
72 1849
2
19
2
40
2
79
2
21
2
252
2
37
3
208
1
1
208 1086
2
237
3
145
3
168
1
1
168 279
2
215
2
109
3
16
1
2
145 3593
16 1623
3
147
2
204
3
194
3
76
2
249
3
174
2
23
1
1
76 3766
1
2
147 950
174 1418
3
43
2
197
2
93
3
187
3
57
2
184
3
193
1
5
193 2966
187 1434
57 357
43 3122
194 801
2
77
3
244
1
1
244 3791
3
162
2
113
3
202
2
19
3
41
1
3
41 1755
202 3016
162 1806
2
141
3
220
3
188
3
234
2
218
1
3
188 2367
220 3400
234 3658
3
8
3
6
3
77
1
3
8 3714
77 413
6 981
2
226
3
153
2
94
1
1
153 3373
3
169
3
133
1
1
169 2815
2
140
1
1
133 2688
2
31
2
94
2
82
2
3
2
241
2
220
2
137
3
76
2
233
1
1
76 752
3
55
2
244
2
63
2
79
3
143
3
129
2
78
1
1
143 2128
2
112
2
189
2
45
3
46
3
40
2
152
2
227
2
47
2
152
3
177
2
20
1
2
46 380
177 3198
3
110
3
153
1
3
129 439
40 691
153 3631
3
97
1
1
110 3337
3
90
1
3
55 489
90 3312
97 565
3
69
1
1
69 3349
2
220
3
97
2
105
1
1
97 3060
2
246
2
162
2
151
3
118
1
1
118 1152
3
75
2
79
2
103
1
1
75 1030
2
64
3
246
3
221
2
213
2
59
3
80
2
167
1
3
246 749
221 3626
80 2585
3
129
2
209
3
119
3
30
3
254
2
243
2
154
1
4
254 2643
129 1599
30 286
119 2415
2
155
2
238
3
62
2
80
1
1
62 1287
3
246
3
111
3
181
2
215
3
161
1
2
111 536
161 2513
1
2
181 1793
246 967
2
34
3
207
2
28
2
178
2
151
3
157
2
118
3
96
2
4
1
1
96 2499
1
2
207 3510
157 2552
2
130
2
57
2
230
2
143
2
148
3
246
2
53
3
63
2
192
2
180
1
1
63 2195
2
80
3
228
3
221
1
1
246 1251
1
2
221 3284
228 4019
3
32
3
200
3
131
3
168
2
198
1
1
131 3738
3
188
1
2
32 2641
200 1369
1
2
188 424
168 1229
2
3
2
130
3
15
1
1
15 2195
3
78
1
1
78 3365
3
42
2
112
1
1
42 275
3
208
1
1
208 392
3
72
3
118
2
34
3
4
2
194
3
97
3
31
2
129
2
24
2
218
3
51
2
183
2
208
2
73
3
167
3
169
2
240
2
231
3
95
2
50
2
54
1
6
118 3043
169 3380
95 1005
4 458
167 1045
72 71
2
187
2
209
1
2
51 369
31 3444
2
238
1
1
97 373
3
169
3
149
1
2
169 596
149 1640
2
237
2
222
3
185
3
177
2
142
2
61
3
250
2
61
1
1
185 2551
3
145
3
26
3
164
1
4
145 2056
26 2401
164 1834
250 1389
3
110
3
164
2
247
1
2
177 2631
110 1065
2
70
1
1
164 1104
2
7
2
95
3
66
1
1
66 1897
3
148
1
1
148 2630
2
106
2
85
3
20
3
80
3
170
2
212
1
1
170 359
3
246
1
1
80 2672
3
98
1
3
98 1935
20 2456
246 2923
2
10
2
70
3
163
3
129
1
1
163 520
3
66
1
2
66 3044
129 1442
3
41
2
93
1
1
41 67
2
67
2
31
2
246
3
95
1
1
95 1557
3
59
2
10
3
11
1
1
59 651
2
89
3
177
1
2
11 3663
177 1982
2
95
3
87
3
132
2
4
2
120
3
126
3
73
3
29
2
226
2
148
2
56
2
128
1
5
126 561
29 610
73 3936
132 1901
87 2607
2
96
2
89
2
60
3
114
1
1
114 1131
2
87
2
11
2
143
2
59
2
169
3
140
1
1
140 3875
2
89
