19
1
236
232 2703
136 1076
115 2835
83 725
147 395
159 2375
18 252
132 298
63 1500
94 2548
229 3538
152 3402
191 3762
211 1729
166 114
208 3297
228 895
12 3118
50 680
15 2950
158 3039
56 2366
179 1964
240 948
203 831
170 274
127 1139
145 2579
146 2299
8 1927
195 2764
149 3906
171 2690
85 3635
186 738
77 3828
153 135
206 2634
68 3636
111 184
234 138
53 2931
169 2796
117 309
199 2127
160 3434
40 3475
55 912
60 2023
91 1369
238 3737
38 3659
207 398
29 2935
37 3792
137 3344
156 2544
165 2285
197 4055
2 486
46 1712
236 2935
49 2709
105 3404
47 369
251 2504
144 4070
246 1314
217 2296
142 3213
36 50
196 3191
174 1381
62 1822
205 3490
198 523
89 615
200 2026
86 696
224 1468
168 1042
213 1937
151 2361
61 2758
27 2947
103 1792
210 1892
30 1833
233 1861
242 3627
74 1596
209 1534
249 2946
143 3183
253 501
177 3902
31 228
241 924
176 1070
161 118
119 337
87 2291
52 3532
95 197
90 1973
82 3319
121 2739
133 1330
34 740
134 3140
25 2697
21 2118
9 1580
124 1915
219 4026
243 100
98 967
32 2095
23 1614
202 2115
184 3568
247 3004
230 1035
1 4094
120 1874
167 1711
58 3374
10 1121
99 4013
5 2341
43 218
163 733
237 2649
248 3888
65 3603
193 3566
180 338
225 1316
235 1530
204 276
75 3555
254 2160
192 782
201 1414
123 2144
66 273
100 4091
93 2415
67 1316
24 3283
64 3483
35 3055
69 282
48 489
189 2563
183 1274
173 3252
155 3268
181 1200
14 61
45 3179
80 3978
220 2916
41 3957
187 2560
131 2089
22 3203
140 2612
28 855
239 2522
164 2908
17 1556
102 1499
185 510
44 325
110 2059
255 1391
128 4044
3 3404
88 3683
126 1639
84 2541
135 1463
182 2667
250 1668
162 1543
13 2060
79 2977
33 2125
252 2544
11 3330
114 1888
157 3033
59 1379
92 2168
194 139
101 1015
188 3734
129 1823
244 3225
107 538
104 2916
116 2223
54 2170
221 3961
97 3427
154 1355
112 191
57 2038
122 1105
190 3851
108 2883
72 941
172 127
96 3005
70 975
223 2745
245 3949
222 1370
139 385
214 1489
178 1661
231 3785
175 2172
19 894
212 1297
51 326
218 647
148 3607
150 1317
78 3038
71 2860
226 3021
141 3643
113 322
26 2444
2
70
1
17
216 3227
227 3522
106 1444
42 1953
76 3453
125 2997
215 2275
138 405
6 3401
20 2399
130 2618
4 362
118 4094
39 2639
7 1498
109 2832
16 882
2
34
2
121
2
37
1
2
81 3292
73 1791
2
170
2
206
3
199
1
1
199 761
3
210
1
1
210 2286
3
72
3
149
2
182
1
2
72 1367
149 3881
3
253
2
105
