4
1
206
221 3958
65 829
162 856
60 2970
147 3423
9 2817
216 555
230 681
18 3769
245 3394
117 3105
242 3427
156 2068
137 2035
118 2976
220 2529
192 2828
87 2736
33 1406
71 3183
153 1250
69 2076
68 4086
32 2252
120 3881
38 3280
16 2444
11 1426
183 1261
198 586
179 3824
19 3990
202 1261
193 2083
3 1285
246 594
88 2830
72 2185
70 673
100 2561
244 2307
22 2924
171 570
90 1799
86 3866
145 2902
63 2843
228 1873
37 3584
57 1243
48 614
197 1449
61 3938
91 1536
41 565
99 1512
45 927
149 1742
150 2810
12 304
126 2922
168 2196
195 267
80 984
119 1410
24 3161
215 3136
114 1709
164 1900
78 3819
125 3192
112 3348
104 1238
208 1816
161 892
82 3798
116 1312
55 2447
139 1851
174 3315
142 682
101 770
47 2177
109 2575
219 3283
96 259
239 1593
76 2848
77 815
172 2842
74 2115
210 455
225 334
166 3890
28 481
222 678
217 2467
83 3401
160 4001
98 3687
144 1573
141 1583
134 1899
29 2239
21 204
13 1871
46 354
254 3223
190 898
10 2665
129 3013
146 1129
79 944
34 3539
84 699
175 2973
224 3472
173 1753
107 4034
213 1726
187 3486
64 3555
167 2497
214 1313
209 3861
185 349
102 2983
27 459
143 3862
42 1412
205 3665
93 429
44 1034
226 4050
5 236
113 1652
6 1280
196 2488
182 2057
89 3699
103 1069
252 1408
189 2653
191 2927
148 3854
251 2841
127 1153
207 600
115 1235
20 397
177 3291
247 847
241 3088
236 1653
248 983
200 982
14 805
92 591
130 3897
66 528
25 3999
53 952
186 2754
238 2555
30 3956
133 3264
235 1980
234 2221
232 3464
218 77
237 2003
233 3312
158 3796
199 2911
106 795
184 1715
26 1797
131 2064
73 3989
194 590
135 1598
110 1904
75 491
8 1292
154 1286
151 2234
165 856
67 610
163 2386
240 1032
128 1206
255 393
39 2760
56 3629
15 2907
159 3454
204 427
176 2711
49 4030
124 1397
157 1575
43 244
201 4058
123 3530
152 3755
54 1417
1
19
136 3427
243 1355
105 191
58 2038
178 1105
85 3851
122 2883
227 941
23 127
138 3005
59 975
181 2745
169 3949
250 1370
62 385
249 1489
140 1661
231 3785
94 2172
1
8
203 3375
253 2208
50 1350
17 1625
111 2464
211 1895
212 3617
95 981
1
7
188 3643
121 322
35 2444
132 3655
40 4022
170 3227
229 3522
